2000
1979 789 9
746 438 11
1434 937 11
581 820 3
965 1004 6
32 1717 4
1449 1714 7
1286 225 6
347 1294 6
1222 523 6
1520 66 3
1741 558 7
711 49 3
874 793 11
1552 1799 7
1339 1640 6
1519 1858 8
371 1928 5
1428 1977 2
336 801 9
1309 29 2
201 1885 4
593 1653 9
1210 703 10
1976 408 5
1589 159 9
805 1514 3
1224 1578 2
222 178 11
72 1765 3
542 990 8
553 1521 4
14 1522 7
1184 1685 5
1108 1789 10
1170 531 10
386 1383 3
1238 1622 4
162 463 10
1264 1172 9
1992 1663 4
1364 1382 9
1486 1343 9
752 1937 2
1135 1059 2
992 330 6
1132 862 6
1063 976 10
1116 493 5
942 1609 4
761 190 5
791 1861 9
1602 119 4
1512 995 10
1492 407 8
1954 1490 9
1475 1887 6
126 241 9
720 1154 2
72 573 9
1429 41 5
313 429 6
1171 1747 4
1204 787 9
1016 1079 2
1816 763 2
692 1334 6
1159 690 3
1977 1252 10
1583 1499 9
1221 262 7
1212 40 6
192 1857 11
1012 489 4
238 35 4
1130 1813 10
1238 794 4
848 393 10
1553 445 5
283 406 10
1930 1102 3
294 1265 11
728 1220 11
387 459 10
438 888 11
1698 769 4
1173 815 8
695 817 4
1690 1399 8
630 1085 4
636 1661 8
779 887 10
1552 21 8
255 428 10
117 508 5
1281 1455 2
17 574 2
1470 994 3
116 782 7
633 1251 5
914 102 10
897 1664 10
1474 1971 6
889 1743 7
5 895 4
146 501 3
1286 203 4
1867 617 2
122 548 2
1724 529 6
1143 1364 2
762 1227 11
857 15 2
961 285 11
222 992 4
815 1703 2
1447 1245 9
1701 984 7
45 1850 11
206 161 11
1146 376 4
795 1809 11
628 1012 11
349 120 3
1351 829 5
1893 1170 5
465 1000 11
363 587 11
571 743 5
1992 630 9
1232 1964 7
898 1691 9
87 1448 10
430 958 8
1694 683 10
882 1128 6
215 1022 7
972 599 7
1269 937 6
776 1906 6
1008 445 3
1933 811 5
1354 1466 8
1095 1066 9
1308 381 7
1307 1380 5
459 852 6
998 1838 9
1187 1318 5
286 348 4
437 1114 6
85 1727 11
888 671 11
939 1658 11
1093 1809 11
1405 188 7
515 1202 10
256 1392 4
433 1579 2
453 369 9
1554 1950 3
262 1645 11
226 944 3
1285 613 3
515 1235 8
1260 1546 11
1374 1705 11
203 1360 11
133 1707 11
1921 891 6
1948 355 7
495 366 11
52 234 7
807 240 11
1164 820 9
300 1469 6
428 978 3
1521 192 3
1782 1969 8
1880 1027 4
1939 1260 2
1639 1285 8
1809 831 11
353 49 6
1290 970 7
8 402 11
1157 1682 4
602 1339 8
456 701 3
1780 1954 5
560 829 3
1580 913 2
375 588 4
1373 942 3
399 802 9
1155 1341 2
144 1828 6
692 923 10
1536 1777 11
1483 334 6
1193 49 9
1250 9 4
211 1196 6
89 1003 2
1924 1687 9
1904 1931 3
1873 1316 3
616 1512 8
680 1407 10
1213 81 4
1262 945 4
1232 560 7
112 54 10
1379 1552 6
747 651 4
1461 1178 9
850 1580 3
368 1533 8
270 884 8
1814 546 8
1512 909 4
347 642 2
1708 1952 7
1401 655 2
558 667 8
1054 346 10
1382 1647 9
1487 1930 6
642 821 4
1452 1900 3
727 1063 8
1386 664 7
557 1961 11
241 708 11
467 826 9
246 1951 7
1829 205 8
1411 1139 5
1111 1076 10
1910 995 7
258 1295 4
1820 1334 7
689 997 9
448 450 8
1834 699 4
548 1427 3
158 1646 6
1082 1895 8
190 37 10
614 272 11
603 1889 9
146 702 7
148 1439 3
1246 164 4
1471 785 6
1594 1157 11
1757 1026 4
455 1005 8
732 1417 8
492 1956 7
604 629 9
96 224 10
616 1946 11
599 1296 5
308 996 4
397 672 8
1851 1234 4
1279 1270 10
293 9 2
935 1232 8
1628 43 9
1677 40 7
1075 1891 7
1806 1169 11
1779 1573 3
550 1038 3
167 1828 10
9 1314 2
873 1920 9
1713 110 4
1255 292 8
1962 763 11
657 1804 9
718 630 5
1350 329 8
802 953 8
963 578 10
1064 307 11
1754 131 7
549 199 8
1127 669 10
2 124 5
1549 495 4
1796 1356 10
1997 244 4
1430 698 4
257 1520 7
1850 1307 8
1829 1836 8
1529 1342 11
1962 946 8
1910 1310 6
1702 1183 3
234 1095 4
1575 876 9
660 920 9
181 747 8
979 1388 4
1487 1696 7
852 1340 10
55 598 11
280 1246 7
1720 1132 8
1860 476 11
1655 1555 4
1885 674 6
1432 1234 10
1961 1572 4
1221 1214 7
1939 713 3
52 1667 2
1336 923 6
773 988 7
1470 1855 4
323 1684 2
1960 1689 4
1597 1586 3
218 860 3
738 1928 6
160 1344 10
986 1475 5
960 877 10
1616 1291 9
1197 993 6
1135 891 4
1118 538 4
1924 348 6
90 452 3
1056 1611 5
1210 891 5
1106 982 10
1993 960 5
782 226 11
528 1463 10
1383 965 8
1574 204 11
747 1097 2
1225 1504 10
433 644 4
1496 307 2
811 1199 10
1177 1713 4
1874 554 5
1842 309 9
1401 182 2
1184 1307 8
1892 1891 5
616 1740 7
1657 1042 5
920 502 7
213 1043 3
1101 43 7
1032 1613 9
1159 1305 5
554 943 9
1878 1630 5
1254 987 10
1900 1063 9
813 1632 2
1634 1751 8
1501 1092 4
1134 1260 2
453 390 11
1774 1752 6
1666 780 10
232 442 4
566 622 5
998 66 10
207 206 7
1537 121 9
114 669 3
403 1564 9
1821 1266 4
1353 172 6
982 1726 2
517 1201 4
268 284 7
651 555 8
556 33 5
414 1351 2
351 1095 11
723 1066 9
1664 1706 5
685 382 9
6 344 9
1740 788 4
1001 1823 8
865 1893 2
1712 1912 9
574 498 4
1058 482 9
1057 1732 10
932 1932 5
676 137 2
685 649 3
1160 1022 2
1241 1660 8
1987 984 6
915 959 4
1448 308 11
1433 1284 8
1248 1440 4
1563 1442 3
302 1083 7
1070 769 11
676 871 2
450 150 2
35 1380 8
151 1554 11
1401 1599 10
729 249 11
234 1286 7
171 1659 5
440 1120 4
605 1590 11
740 1068 4
1865 1178 7
344 207 6
1707 683 9
490 181 6
886 1538 2
1551 590 9
1 1474 5
744 235 7
1892 706 11
576 1083 7
1084 514 10
141 1396 4
1163 94 5
1622 623 3
1403 63 5
1272 98 5
1349 961 10
1610 311 3
1196 1528 8
1041 719 3
95 890 5
571 925 4
1082 1210 10
1694 1544 8
1354 81 2
195 1170 11
556 1106 8
1176 39 8
740 1272 3
1303 1956 4
1865 1988 2
525 1735 9
901 261 4
633 1571 5
1550 692 11
911 613 10
676 1555 9
1278 1414 8
1904 9 2
1309 818 10
850 1809 6
1206 790 3
658 1164 7
930 830 9
1416 726 9
1780 1611 5
1927 438 2
237 332 11
407 1689 5
1497 703 11
1949 1511 3
692 1659 4
358 1833 6
1695 170 10
1408 325 5
1023 1719 2
1711 567 10
1012 319 4
708 1200 8
973 1821 7
405 296 8
577 1594 2
411 1023 6
1116 540 10
1323 1953 8
696 415 5
729 251 3
116 640 10
112 685 2
1420 1369 7
1164 1512 6
1987 1172 8
1796 1063 10
1761 1073 10
1336 1804 5
1970 1799 2
1910 436 10
1538 133 7
914 1017 4
1933 28 3
1776 1347 5
1814 1711 11
1286 801 5
1151 415 11
1252 34 7
1128 1564 4
481 1331 3
1768 1656 5
978 1150 2
1461 1220 7
379 1544 8
1573 1380 3
1435 1315 10
1943 1974 8
123 439 7
624 1363 8
68 1650 9
1446 995 2
1170 981 6
1509 1032 7
943 669 4
470 779 10
1094 1437 11
1044 1909 2
1451 116 2
265 71 10
1978 465 2
327 112 8
877 1120 5
793 291 3
905 1559 11
1783 1929 8
561 1237 5
1085 759 3
1593 435 9
540 1219 11
491 544 10
1973 800 2
1478 1293 2
706 830 5
1231 588 8
1975 380 10
89 384 11
1958 778 9
428 1546 3
716 1766 9
1811 5 11
978 1012 4
396 965 8
1824 1095 8
1723 133 10
330 1087 11
450 675 8
1343 1092 11
1136 60 4
564 971 11
57 1236 9
357 648 3
366 798 9
90 93 5
875 106 11
1866 1713 9
1775 647 7
1829 108 4
181 486 3
1861 1190 7
1386 1471 10
1606 433 11
116 1045 5
961 1085 2
107 899 4
1636 1642 8
1678 667 11
1414 1022 8
879 1582 3
1328 606 8
1102 1623 7
1429 1561 7
15 1115 2
1932 1218 9
1493 938 9
1593 1624 5
565 1776 9
1633 1429 8
1431 898 2
184 1283 11
1256 1678 2
61 1215 7
978 1723 5
910 395 9
5 87 5
774 198 4
1987 941 4
1909 1959 7
1523 1686 4
1540 757 8
786 1248 5
721 677 6
902 1398 4
521 140 4
888 645 11
844 758 5
592 465 11
1382 1017 11
651 593 3
257 1900 10
323 1833 7
713 1181 9
307 811 11
1443 1878 9
588 392 10
1072 1439 10
76 1235 3
1343 217 7
1994 1613 4
1907 1204 9
1017 957 2
757 1051 4
1546 625 10
1669 435 6
1511 1898 2
20 1624 6
1725 1631 2
522 605 8
226 1801 4
1693 908 11
670 1711 9
1809 1794 8
53 702 9
264 14 9
104 527 11
480 1350 6
1499 1871 9
1604 477 9
90 1127 9
996 1606 9
1600 204 2
613 893 10
911 256 4
1763 1345 6
809 1795 10
547 1559 4
1917 1280 9
1000 457 2
1574 546 8
1285 31 11
40 1365 4
658 886 5
659 1094 3
455 420 7
1021 46 4
156 139 11
76 708 11
1803 1378 3
887 764 11
1695 817 8
1119 688 3
1216 1165 3
1063 1779 4
156 1666 9
1974 250 6
1515 1922 4
1477 1589 4
506 801 10
964 1885 7
1644 433 5
1077 851 2
1751 986 9
1111 1555 5
1413 1800 3
866 1189 2
360 1264 9
908 289 10
946 1773 6
119 50 7
550 377 2
156 187 6
1659 546 7
848 1182 3
22 271 11
134 979 5
1494 539 5
1623 1917 2
1304 1966 10
1807 1723 10
1210 1820 2
971 40 11
89 465 9
928 1822 8
504 1258 9
276 1374 4
322 543 6
84 1118 11
729 650 10
1639 951 4
645 550 11
1822 466 5
597 733 6
1359 1624 2
348 1654 10
1285 934 8
18 1949 11
930 601 4
1003 1229 9
24 629 3
81 1611 8
1817 195 8
775 1830 8
1501 1696 6
1930 1974 2
297 1633 4
355 879 8
342 1704 2
919 881 8
1018 1446 9
1129 84 6
182 1942 3
1207 1441 4
383 1234 2
515 901 6
635 1257 4
1200 1245 5
805 1201 4
1475 1915 8
622 763 4
181 764 7
1725 994 5
1169 383 4
540 19 11
1711 1017 4
865 1862 9
111 1839 2
955 49 7
207 594 10
1973 482 11
24 856 8
1499 578 7
1010 1293 8
182 37 5
1356 1977 5
827 843 6
1188 51 9
388 1320 10
245 1162 4
1311 191 8
596 846 2
997 654 8
1866 1174 10
586 187 6
1591 1053 4
856 1357 11
1615 5 8
749 67 7
983 1506 6
74 1593 9
213 1805 2
1766 459 3
970 1962 7
601 931 8
176 609 6
1502 1172 11
1870 446 3
846 4 2
589 291 5
1274 1232 9
1789 910 8
1390 1651 5
771 687 7
1809 921 7
420 560 6
1291 1519 11
203 898 10
1266 17 10
544 429 8
445 67 3
99 1291 6
996 778 2
1214 159 7
1875 394 11
1179 1254 11
1140 1500 6
1381 998 2
1046 1035 7
1055 1777 6
105 350 5
1147 746 10
428 1309 3
551 1557 2
817 1709 2
1026 269 4
1651 398 2
1984 1263 6
228 1186 9
779 504 11
684 910 2
358 684 7
1324 645 8
1797 1998 9
300 1350 8
1624 1386 5
150 1074 2
1020 1878 9
159 1813 7
1043 1597 8
1881 230 8
737 696 11
718 119 8
550 1563 5
1672 39 3
1094 467 7
498 1940 9
155 1660 10
1087 1557 7
824 1539 2
536 922 10
325 352 7
1058 433 10
1816 395 4
1940 332 6
333 1839 5
1395 646 8
1498 1224 10
792 254 11
1944 1308 11
155 1939 9
166 205 4
1480 1871 2
1816 1220 7
1709 1470 10
1290 91 11
347 846 5
389 148 5
838 674 4
747 1244 3
1517 1714 9
1834 1210 6
1261 1923 11
933 360 7
385 1349 8
860 401 10
1142 763 5
1376 1744 7
1026 1796 9
905 1057 3
795 1454 11
587 1667 7
632 899 6
1539 1178 7
1892 1662 5
1541 607 5
1210 1067 8
429 1846 9
253 18 9
365 1902 9
1260 585 9
1226 626 6
1048 1940 11
984 1284 5
465 205 10
1591 224 7
962 719 6
550 1334 6
899 1430 3
690 684 8
523 1979 5
762 175 2
629 1642 8
758 1391 11
1114 967 6
1519 1251 11
1144 61 5
912 751 4
732 1172 8
427 293 10
954 889 3
1765 1031 11
1354 113 7
1367 697 6
1964 470 6
1839 1037 9
819 18 10
494 1463 7
560 349 11
1929 1297 7
62 4 5
1224 99 10
819 1102 11
1226 828 2
997 719 5
1814 1405 6
590 446 8
1331 1345 9
1934 24 2
1880 609 8
254 1619 11
781 840 3
174 283 11
650 1309 2
877 1642 10
1817 1923 8
679 1846 9
1709 1931 7
24 1770 7
816 1287 10
495 1308 8
239 333 2
298 969 6
1303 895 2
1385 679 4
285 1865 3
95 764 3
1391 32 8
371 96 3
1670 1770 4
1634 1834 7
1757 838 5
1820 607 11
506 1133 3
1755 1143 10
1966 847 7
1217 32 3
63 552 5
1735 759 9
512 363 9
609 1244 3
421 1514 6
428 1956 10
1140 980 11
1088 692 10
1222 421 7
172 985 9
1647 714 11
715 880 6
344 883 8
971 830 5
904 1206 7
7 1839 8
29 1214 2
1596 1811 11
302 889 5
1829 924 6
884 742 3
1099 935 4
185 1988 11
1402 1120 7
498 258 9
1807 807 8
254 37 2
856 56 6
1458 1054 7
85 68 5
494 147 2
847 1855 8
756 1437 6
705 532 6
1230 374 4
1690 65 7
1322 1980 6
766 1409 2
872 1196 4
886 946 7
1714 398 10
1748 564 11
703 994 9
1510 207 5
686 1714 2
465 1612 8
138 231 6
771 1261 2
639 1412 2
320 820 6
573 175 8
756 47 7
736 13 8
1188 965 9
436 467 7
1900 1344 7
21 379 3
979 973 6
1985 1786 11
1215 2 2
161 1828 11
1142 59 5
480 1108 10
153 1602 5
151 299 7
1228 1180 8
616 606 8
1808 1592 8
572 1858 3
1937 1367 3
901 1303 9
1512 1807 11
1387 460 9
1367 900 7
63 521 7
477 193 5
1622 1159 3
1104 118 9
500 209 10
614 1490 10
1336 926 2
855 219 10
1356 1640 2
1755 267 6
1034 692 10
1892 1256 2
1382 1539 5
575 1241 5
914 1516 10
768 1665 3
550 1109 8
1671 1923 5
1112 557 9
1992 1729 2
220 1443 6
922 101 2
1723 1695 2
1956 543 11
814 1608 4
1920 366 11
176 526 2
339 1248 8
1982 445 9
1638 265 4
1926 1349 9
114 1339 7
1434 774 8
1349 1427 3
871 1474 5
1613 1963 5
1798 1510 9
90 272 9
1013 1677 4
522 1859 6
914 700 10
1947 830 5
600 521 11
1668 240 11
94 1414 8
55 310 7
676 576 9
923 243 4
564 1547 8
527 726 8
1241 657 11
625 916 4
238 188 5
871 1206 3
982 915 5
1670 882 5
601 60 10
104 1539 10
1365 1283 8
1286 1695 10
296 1084 3
263 1526 6
1442 1334 6
1595 1250 3
1549 1763 8
1390 1927 5
1766 445 10
1245 6 8
1670 636 2
872 1572 6
1385 320 10
759 1620 2
1731 91 6
1174 412 8
280 1963 3
699 368 8
1057 818 2
1300 1875 2
830 786 10
1715 887 2
1669 371 7
802 1933 5
1895 1474 9
751 679 6
878 500 6
1638 1800 7
255 1569 8
474 89 8
578 356 11
366 901 10
601 560 8
1025 176 3
1039 214 10
1502 234 8
872 209 3
1549 429 4
964 820 5
1786 732 3
876 579 2
1374 1510 10
775 207 6
1764 1986 5
597 622 7
734 1801 10
1723 1474 5
1203 706 3
1739 1011 10
91 521 7
1390 1003 6
1995 1489 4
1324 103 9
746 1405 8
937 1773 10
248 1301 8
856 1482 9
209 503 5
1115 1665 6
1590 591 6
696 1595 3
194 476 8
1567 625 8
235 459 3
363 1905 8
726 580 6
845 151 11
1005 448 6
1973 88 4
636 696 3
459 999 11
450 708 9
1587 1109 11
1102 580 4
393 1369 2
1097 1533 8
1213 1485 9
139 1128 3
1824 1840 5
1727 1633 5
280 1576 8
274 1204 8
432 1351 3
1749 526 3
1331 805 4
934 1231 6
460 1675 3
137 408 3
322 1875 4
562 1098 7
943 695 7
1813 1705 8
1084 1654 11
385 1581 3
622 1916 10
1168 1244 3
1957 400 7
83 26 10
965 536 7
743 56 10
536 1415 11
1238 1494 8
1038 1484 2
1615 1744 4
1314 1994 10
853 138 7
1636 200 11
718 1256 2
1026 535 3
387 354 8
800 1504 5
1164 1743 11
817 1898 10
608 1347 3
1747 964 6
495 1782 5
1250 300 5
928 222 4
556 122 7
470 255 5
1718 175 6
699 404 3
1784 1521 10
528 1102 2
1026 332 2
1925 970 7
1414 1409 10
1744 1320 11
323 1842 4
513 1254 5
1674 734 6
1009 1568 11
1566 561 2
1866 298 6
737 1982 7
248 1158 4
295 1518 3
378 1129 7
1038 1290 6
7 23 5
1852 519 6
221 1453 4
435 102 5
1457 207 5
1496 145 4
572 1903 8
330 1072 6
89 687 9
704 1117 2
1500 1060 3
570 80 3
1968 471 5
899 626 5
31 777 2
1286 1807 2
1466 1362 6
949 1339 7
222 1830 2
1044 2 11
871 570 9
1210 1563 9
1562 235 4
1880 238 9
27 1724 3
1304 614 2
758 997 6
1407 1524 4
1628 1689 3
1193 1089 5
753 1330 11
959 1366 10
1863 528 5
1136 510 8
1308 30 7
1142 194 8
74 1219 5
90 803 3
1773 255 10
990 627 6
715 887 8
1740 113 6
1948 1252 10
1668 245 4
886 108 5
1739 1399 4
1697 1803 2
921 537 4
299 891 2
110 1514 3
1997 178 4
1238 1916 10
1376 302 11
1207 413 11
902 1755 5
1908 1862 2
1940 688 11
1608 995 7
1070 1516 2
1932 1667 10
1373 1901 10
700 1241 7
778 938 8
1979 1275 3
1517 1287 2
1542 1108 5
239 1706 3
1159 72 5
408 1203 3
791 1486 6
747 1002 8
773 708 7
484 1058 10
833 1265 5
1696 1133 7
447 236 11
992 843 11
541 993 11
1362 1097 2
783 1219 7
612 1519 11
1385 1218 4
512 50 8
345 1509 11
1615 450 3
1718 368 4
1522 637 5
1112 152 8
23 1643 11
365 1845 6
889 599 4
1817 95 4
217 1387 10
327 830 11
180 575 6
1314 1989 6
919 1848 5
1763 1638 3
929 538 2
149 1746 3
574 1605 10
1820 938 3
1346 1177 5
542 1718 2
1027 900 3
1280 481 4
1089 260 3
123 1797 2
1188 582 11
29 1025 6
813 1890 7
1196 290 4
1521 1304 5
483 337 2
1938 709 3
139 853 5
671 374 6
1777 531 6
1745 1719 9
270 1768 5
1466 4 7
1484 435 6
424 1812 7
396 610 5
1221 761 11
15 642 9
806 1691 2
1593 606 7
348 778 5
918 1349 10
1421 599 10
797 1757 9
218 897 5
624 1021 10
1954 1834 11
1387 1789 10
1903 1938 9
7 1189 8
1400 1412 11
141 1200 2
698 252 4
1754 1043 5
761 647 9
307 1507 2
69 526 9
1129 1482 8
1785 1845 10
620 150 9
1145 58 3
443 1929 10
1215 1470 9
1182 1905 5
1396 607 4
902 753 3
1610 1957 6
1220 347 10
1372 864 9
126 585 8
1036 560 7
477 1147 8
1203 1669 8
1745 1813 11
680 791 9
417 769 9
1305 1375 6
1470 1923 6
1078 454 2
226 373 7
1796 1922 9
1157 1547 11
1627 202 2
967 38 11
1469 1003 5
98 1717 5
1646 1850 5
486 1958 5
815 892 9
680 791 9
1679 1574 7
14 1321 8
371 910 10
396 1116 10
102 383 8
680 280 8
856 915 2
180 1519 3
909 1449 2
1673 1762 4
1182 1160 5
249 91 9
568 1476 7
250 562 8
414 1941 8
615 532 7
597 1241 5
1745 1966 4
932 1561 7
257 1762 7
950 937 9
1395 1047 2
1714 27 7
1306 35 9
1292 659 4
99 826 8
1777 1416 4
256 1644 2
1632 1612 6
1128 1253 4
1052 1930 9
115 725 5
175 834 2
369 423 11
402 1767 7
1143 1766 9
1896 571 7
1414 731 5
416 216 7
103 179 10
503 736 10
1361 239 8
688 1741 11
798 1318 10
430 1966 2
1819 321 8
431 838 5
716 1327 4
788 899 8
147 266 4
1711 1004 2
500 178 4
1924 1216 5
665 317 4
1791 452 7
1853 655 8
1643 443 11
52 216 7
1420 1094 5
257 1345 2
1804 70 8
1459 1126 5
1194 602 8
1237 1269 3
1947 187 8
1959 29 7
18 487 11
620 1485 3
622 979 2
664 26 6
1772 820 10
1480 1693 8
704 686 6
1715 1681 11
651 923 7
1412 1951 6
1368 1978 5
1522 821 6
433 1426 10
69 1150 3
1795 345 6
805 302 6
1790 272 8
948 331 7
87 845 3
1620 1609 8
85 421 6
1822 941 8
853 1233 6
369 970 10
1723 1464 4
1751 864 8
580 979 5
924 1036 3
381 1282 4
679 1137 3
1805 1422 6
1688 1236 7
326 1151 2
383 197 7
422 175 5
1931 1455 3
1347 67 3
751 1761 2
346 197 2
391 524 4
1755 1244 5
957 401 3
262 685 3
1117 188 2
321 1801 3
1512 73 4
1085 974 3
1934 840 10
37 162 7
771 1313 5
441 1003 9
881 880 7
178 1784 4
661 1145 4
818 1939 10
422 788 9
734 979 7
1216 974 2
1692 1730 4
1994 570 10
1277 182 7
292 964 3
276 755 3
1879 1275 4
1155 874 2
814 954 7
364 748 2
1345 437 4
1086 1117 8
1573 1598 7
1588 984 5
868 521 9
217 1871 2
320 1795 9
1310 1283 7
188 666 3
1522 1481 4
1914 1294 9
1448 219 3
374 1566 3
1238 1697 11
762 541 2
919 1695 5
887 608 4
1180 220 6
640 251 3
1960 696 8
202 1486 5
1228 717 7
755 770 6
609 1733 10
967 236 7
872 528 8
757 1711 5
1609 1223 3
1880 295 3
661 1384 4
1919 736 7
1243 116 3
1657 909 10
1260 1758 2
1234 349 11
318 397 8
1655 1556 5
1368 995 8
414 797 4
440 1798 8
1741 1428 5
1389 610 10
170 340 8
1000 328 10
1981 697 4
1317 125 7
144 552 10
1578 1351 9
1900 1793 8
1323 822 9
860 760 9
30 458 8
1927 210 4
304 1979 7
890 872 4
915 1223 8
1562 270 5
1680 580 9
380 1067 9
591 691 8
868 1769 8
525 1845 10
1735 43 11
1979 123 10
248 1341 5
1663 1205 10
1444 1477 11
144 1403 9
682 1635 3
1272 1430 3
1378 787 4
1700 1877 6
217 573 11
400 1554 10
791 657 5
1982 1975 5
448 1766 3
1316 516 5
558 1010 7
1803 1223 9
1216 370 7
1967 520 10
1243 707 11
495 609 7
445 1428 4
584 1497 3
176 1427 2
1123 860 2
929 632 10
942 817 2
1886 242 2
1318 1845 6
1042 102 8
1150 1639 6
1517 1301 11
1217 632 9
716 1523 11
819 892 10
1538 1578 3
1600 1400 3
1304 1291 2
318 219 5
1777 1874 9
868 1195 5
668 723 11
155 1710 4
1522 22 3
364 1067 9
1683 1241 4
1401 166 4
1677 707 5
698 994 9
1945 387 10
1595 1261 11
939 1243 7
1357 1355 7
1618 137 8
1019 1820 9
1186 108 3
275 532 4
38 1806 7
223 1545 2
36 1570 8
822 1005 3
26 1814 2
868 1576 7
1349 466 6
1725 1538 2
1293 1371 6
772 482 10
879 370 9
1747 1805 7
1504 1180 5
12 224 10
1401 495 3
642 248 2
1581 1025 7
981 296 8
133 132 4
632 328 11
1428 108 8
1266 1397 3
1596 1557 11
693 766 7
633 425 10
1016 1221 8
1120 1850 3
1536 133 5
1944 652 8
484 130 4
1325 905 2
1529 1346 6
1284 1603 2
1010 98 6
803 518 6
1457 505 11
870 1561 9
1134 691 8
936 1810 11
799 758 11
32 927 5
1093 1462 10
451 1494 5
1771 1267 5
1087 1684 10
195 1735 9
63 1403 3
650 1558 4
1267 752 6
333 1951 5
11 212 7
1403 507 3
443 678 5
528 358 5
36 1799 3
348 670 11
1240 1188 10
1761 1200 9
1383 1534 7
1681 795 10
1341 1420 9
1774 627 2
18 545 9
178 43 6
93 1958 4
719 828 6
596 867 10
103 309 6
51 916 2
1727 1040 11
1612 741 2
256 1033 6
1206 1954 8
1278 346 10
64 121 7
182 53 8
484 510 8
226 1272 5
399 484 11
1441 478 9
1058 101 5
785 1950 11
574 1408 3
1820 782 9
913 1791 10
1530 1417 4
1938 799 6
744 459 7
1560 1504 3
892 1422 2
954 426 4
1364 27 10
353 1011 4
1617 1737 5
1114 871 9
1230 178 2
1307 931 9
690 1517 6
242 1131 5
1359 1206 2
1064 380 7
1155 1708 4
1935 182 2
42 731 7
1723 349 4
349 670 10
1553 1340 9
13 458 9
751 689 5
593 373 5
1874 1146 4
492 378 10
116 194 8
442 1783 2
1666 1998 8
351 357 2
852 413 8
541 1574 10
1877 1843 11
1486 1912 4
808 1528 4
589 739 5
281 1777 2
1083 137 10
146 519 4
1061 1717 2
94 853 8
229 940 2
800 1906 10
588 1373 2
596 149 3
759 811 3
439 180 3
647 409 5
1688 586 3
1424 1042 6
1910 922 7
50 196 6
1982 572 6
1623 803 8
769 580 8
107 802 7
1580 1923 11
202 1055 4
1419 1876 7
129 1970 6
1552 1382 4
1182 1253 9
1698 1626 2
1351 1649 11
847 552 6
709 1236 5
1622 1138 4
1361 1821 8
1434 1972 6
260 654 2
1315 361 4
1479 1843 3
55 989 8
432 1539 4
670 794 6
402 1026 10
1737 278 8
1553 1164 6
523 1062 4
157 1870 8
1878 1930 5
1000 385 6
1919 219 10
852 512 11
836 357 10
302 1433 2
1244 1460 11
304 152 5
230 1673 6
697 1534 9
1783 927 5
198 1254 2
1327 480 3
235 327 10
1914 1847 7
1281 1888 6
267 859 9
1467 1858 9
1270 1138 2
1243 374 4
116 515 8
1240 341 5
1878 284 10
172 1619 2
925 500 7
1231 811 4
1236 31 4
847 932 6
1373 1406 11
323 1526 6
692 706 3
1166 1855 6
1139 518 4
288 802 8
130 503 8
753 231 10
824 1163 4
1054 1120 9
1108 342 5
1445 1035 10
1759 1180 7
229 1664 2
1439 39 10
528 1003 9
1704 1742 5
1546 1651 4
586 815 10
771 1565 6
1980 1432 10
1743 1235 2
1242 455 7
194 719 10
45 1234 5
100 375 6
1681 557 9
1561 1572 2
1855 929 5
1338 1217 6
1846 173 3
1361 1772 4
1229 1346 7
1768 1987 6
1744 512 2
1079 749 8
926 1374 4
1729 758 3
343 1766 8
1271 189 8
683 985 11
1418 657 6
316 1953 9
121 1894 2
537 1552 7
1969 1318 3
1247 1233 9
919 810 11
1828 1543 11
86 929 4
1426 1190 10
191 176 4
261 462 3
1645 1644 5
1252 544 3
1692 1404 6
572 1887 11
234 1967 5
1590 1172 5
398 56 6
1624 951 4
392 1243 2
1671 1507 9
912 1252 2
1461 235 4
1521 1863 6
307 404 2
1228 1556 4
323 1053 9
699 1946 7
586 1726 7
656 1047 3
1172 540 9
1852 1662 6
1849 354 7
39 996 9
947 1021 11
1625 1193 11
291 661 9
1100 1295 8
1665 584 8
1740 1086 6
1572 1362 4
233 1439 8
1001 460 9
1803 193 8
1642 1783 3
753 1208 6
671 554 10
366 751 3
701 651 6
555 1246 4
231 758 5
555 1398 6
1309 1245 9
388 903 8
1051 931 5
136 92 10
827 434 8
1666 1913 10
438 32 6
1486 885 2
1513 224 4
275 1695 6
280 70 10
544 187 3
1714 1322 10
1633 1627 6
1005 1747 11
1417 414 7
678 193 11
1522 1301 4
807 1484 6
132 1074 3
1586 1843 8
1912 506 9
124 268 7
976 1207 9
178 1878 2
1505 730 11
539 439 9
1742 1979 5
1128 38 5
1032 349 2
1701 474 10
514 221 5
1581 720 3
1001 482 8
200 1422 8
1087 434 9
782 1176 11
1175 482 9
2 1910 9
513 1314 11
4 24 2
1425 46 5
1214 942 11
1399 295 10
942 369 2
73 907 9
1550 1413 2
898 1327 5
1544 626 2
1363 298 4
71 397 2
1796 270 10
1057 1672 9
976 1146 11
1569 1848 9
44 1043 10
448 257 9
10 1192 3
1599 1872 9
137 1340 11
819 1699 3
1951 1190 4
489 543 2
285 669 2
1533 992 5
1893 1567 5
339 423 11
1582 1082 4
270 533 10
860 144 5
1374 1817 5
1522 203 7
1158 417 5
529 634 10
14 450 9
857 85 5
389 1123 2
438 1372 5
1048 1628 8
1742 707 4
1051 84 10
526 376 2
299 194 2
